0
799
1
799
2
799
3
799
4
799
5
799
6
799
7
799
8
799
9
799
10
799
11
799
12
799
13
799
14
799
15
799
16
799
17
799
18
799
19
799
20
799
21
799
22
799
23
799
24
799
25
799
26
799
27
799
28
799
29
799
30
799
31
799
32
799
33
799
34
799
35
799
36
799
37
799
38
799
39
799
40
799
41
799
42
799
43
799
44
799
45
799
46
799
47
799
48
799
49
799
50
799
51
799
52
799
53
799
54
799
55
799
56
799
57
799
58
799
59
799
60
799
61
799
62
799
63
799
64
799
65
799
66
799
67
799
68
799
69
799
70
799
71
799
72
799
73
799
74
799
75
799
76
799
77
799
78
799
79
799
80
799
81
799
82
799
83
799
84
799
85
799
86
799
87
799
88
799
89
799
90
799
91
799
92
799
93
799
94
799
95
799
96
799
97
799
98
799
99
799
100
799
101
799
102
799
103
799
104
799
105
799
106
799
107
799
108
799
109
799
110
799
111
799
112
799
113
799
114
799
115
799
116
799
117
799
118
799
119
799
120
799
121
799
122
799
123
799
124
799
125
799
126
799
127
799
128
799
129
799
130
799
131
799
132
799
133
799
134
799
135
799
136
799
137
799
138
799
139
799
140
799
141
799
142
799
143
799
144
799
145
799
146
799
147
799
148
799
149
799
150
799
151
799
152
799
153
799
154
799
155
799
156
799
157
799
158
799
159
799
160
799
161
799
162
799
163
799
164
799
165
799
166
799
167
799
168
799
169
799
170
799
171
799
172
799
173
799
174
799
175
799
176
799
177
799
178
799
179
799
180
799
181
799
182
799
183
799
184
799
185
799
186
799
187
799
188
799
189
799
190
799
191
799
192
799
193
799
194
799
195
799
196
799
197
799
198
799
199
799
200
799
201
799
202
799
203
799
204
799
205
799
206
799
207
799
208
799
209
799
210
799
211
799
212
799
213
799
214
799
215
799
216
799
217
799
218
799
219
799
220
799
221
799
222
799
223
799
224
799
225
799
226
799
227
799
228
799
229
799
230
799
231
799
232
799
233
799
234
799
235
799
236
799
237
799
238
799
239
799
240
799
241
799
242
799
243
799
244
799
245
799
246
799
247
799
248
799
249
799
250
799
251
799
252
799
253
799
254
799
255
799
256
799
257
799
258
799
259
799
260
799
261
799
262
799
263
799
264
799
265
799
266
799
267
799
268
799
269
799
270
799
271
799
272
799
273
799
274
799
275
799
276
799
277
799
278
799
279
799
280
799
281
799
282
799
283
799
284
799
285
799
286
799
287
799
288
799
289
799
290
799
291
799
292
799
293
799
294
799
295
799
296
799
297
799
298
799
299
799
300
799
300
800
301
799
302
799
303
799
304
799
305
798
306
798
307
798
308
798
309
798
310
797
311
797
312
797
313
797
314
797
315
796
316
796
317
796
318
796
319
796
320
795
321
795
322
795
323
795
324
795
325
794
326
794
327
794
328
794
329
794
330
793
331
793
332
793
333
793
334
793
335
792
336
792
337
792
338
792
339
792
340
791
341
791
342
791
343
791
344
791
345
790
346
790
347
790
348
790
349
790
350
789
351
789
352
789
353
789
354
789
355
788
356
788
357
788
358
788
359
788
360
787
361
787
362
787
363
787
364
787
365
786
366
786
367
786
368
786
369
786
370
785
371
785
372
785
373
785
374
785
375
784
376
784
377
784
378
784
379
784
380
783
381
783
382
783
383
783
384
783
385
782
386
782
387
782
388
782
389
782
390
781
391
781
392
781
393
781
394
781
395
780
396
780
397
780
398
780
399
780
400
779
401
779
402
779
403
779
404
779
405
778
406
778
407
778
408
778
409
778
410
777
411
777
412
777
413
777
414
777
415
776
416
776
417
776
418
776
419
776
420
775
421
775
422
775
423
775
424
775
425
774
426
774
427
774
428
774
429
774
430
773
431
773
432
773
433
773
434
773
435
772
436
772
437
772
438
772
439
772
440
771
441
771
442
771
443
771
444
771
445
770
446
770
447
770
448
770
449
770
450
769
451
769
452
769
453
769
454
769
455
768
456
768
457
768
458
768
459
768
460
767
461
767
462
767
463
767
464
767
465
766
466
766
467
766
468
766
469
766
470
765
471
765
472
765
473
765
474
765
475
764
476
764
477
764
478
764
479
764
480
763
481
763
482
763
483
763
484
763
485
762
486
762
487
762
488
762
489
762
490
761
491
761
492
761
493
761
494
761
495
760
496
760
497
760
498
760
499
760
500
759
501
759
502
759
503
759
504
759
505
758
506
758
507
758
508
758
509
758
510
757
511
757
512
757
513
757
514
757
515
756
516
756
517
756
518
756
519
756
520
755
521
755
522
755
523
755
524
755
525
754
526
754
527
754
528
754
529
754
530
753
531
753
532
753
533
753
534
753
535
752
536
752
537
752
538
752
539
752
540
751
541
751
542
751
543
751
544
751
545
750
546
750
547
750
548
750
549
750
550
749
551
749
552
749
553
749
554
749
555
748
556
748
557
748
558
748
559
748
560
747
561
747
562
747
563
747
564
747
565
746
566
746
567
746
568
746
569
746
570
745
571
745
572
745
573
745
574
745
575
744
576
744
577
744
578
744
579
744
580
743
581
743
582
743
583
743
584
743
585
742
586
742
587
742
588
742
589
742
590
741
591
741
592
741
593
741
594
741
595
740
596
740
597
740
598
740
599
740
600
739
601
739
602
739
603
739
604
739
605
738
606
738
607
738
608
738
609
738
610
737
611
737
612
737
613
737
614
737
615
736
616
736
617
736
618
736
619
736
620
735
621
735
622
735
623
735
624
735
625
734
626
734
627
734
628
734
629
734
630
733
631
733
632
733
633
733
634
733
635
732
636
732
637
732
638
732
639
732
640
731
641
731
642
731
643
731
644
731
645
730
646
730
647
730
648
730
649
730
650
729
651
729
652
729
653
729
654
729
655
728
656
728
657
728
658
728
659
728
660
727
661
727
662
727
663
727
664
727
665
726
666
726
667
726
668
726
669
726
670
725
671
725
672
725
673
725
674
725
675
724
676
724
677
724
678
724
679
724
680
723
681
723
682
723
683
723
684
723
685
722
686
722
687
722
688
722
689
722
690
721
691
721
692
721
693
721
694
721
695
720
696
720
697
720
698
720
699
720
700
719
701
719
702
719
703
719
704
719
705
718
706
718
707
718
708
718
709
718
710
717
711
717
712
717
713
717
714
717
715
716
716
716
717
716
718
716
719
716
720
715
721
715
722
715
723
715
724
715
725
714
726
714
727
714
728
714
729
714
730
713
731
713
732
713
733
713
734
713
735
712
736
712
737
712
738
712
739
712
740
711
741
711
742
711
743
711
744
711
745
710
746
710
747
710
748
710
749
710
750
709
751
709
752
709
753
709
754
709
755
708
756
708
757
708
758
708
759
708
760
707
761
707
762
707
763
707
764
707
765
706
766
706
767
706
768
706
769
706
770
705
771
705
772
705
773
705
774
705
775
704
776
704
777
704
778
704
779
704
780
703
781
703
782
703
783
703
784
703
785
702
786
702
787
702
788
702
789
702
790
701
791
701
792
701
793
701
794
701
795
700
796
700
797
700
798
700
799
700
800
699
801
699
802
699
803
699
804
699
805
698
806
698
807
698
808
698
809
698
810
697
811
697
812
697
813
697
814
697
815
696
816
696
817
696
818
696
819
696
820
695
821
695
822
695
823
695
824
695
825
694
826
694
827
694
828
694
829
694
830
693
831
693
832
693
833
693
834
693
835
692
836
692
837
692
838
692
839
692
840
691
841
691
842
691
843
691
844
691
845
690
846
690
847
690
848
690
849
690
850
689
851
689
852
689
853
689
854
689
855
688
856
688
857
688
858
688
859
688
860
687
861
687
862
687
863
687
864
687
865
686
866
686
867
686
868
686
869
686
870
685
871
685
872
685
873
685
874
685
875
684
876
684
877
684
878
684
879
684
880
683
881
683
882
683
883
683
884
683
885
682
886
682
887
682
888
682
889
682
890
681
891
681
892
681
893
681
894
681
895
680
896
680
897
680
898
680
899
680
900
679
901
679
902
679
903
679
904
679
905
678
906
678
907
678
908
678
909
678
910
677
911
677
912
677
913
677
914
677
915
676
916
676
917
676
918
676
919
676
920
675
921
675
922
675
923
675
924
675
925
674
926
674
927
674
928
674
929
674
930
673
931
673
932
673
933
673
934
673
935
672
936
672
937
672
938
672
939
672
940
671
941
671
942
671
943
671
944
671
945
670
946
670
947
670
948
670
949
670
950
669
951
669
952
669
953
669
954
669
955
668
956
668
957
668
958
668
959
668
960
667
961
667
962
667
963
667
964
667
965
666
966
666
967
666
968
666
969
666
970
665
971
665
972
665
973
665
974
665
975
664
976
664
977
664
978
664
979
664
980
663
981
663
982
663
983
663
984
663
985
662
986
662
987
662
988
662
989
662
990
661
991
661
992
661
993
661
994
661
995
660
996
660
997
660
998
660
999
660
0
799
1
799
2
799
3
799
4
799
5
799
6
799
7
799
8
799
9
799
10
799
11
799
12
799
13
799
14
799
15
799
16
799
17
799
18
799
19
799
20
799
21
799
22
799
23
799
24
799
25
799
26
799
27
799
28
799
29
799
30
799
31
799
32
799
33
799
34
799
35
799
36
799
37
799
38
799
39
799
40
799
41
799
42
799
43
799
44
799
45
799
46
799
47
799
48
799
49
799
50
799
51
799
52
799
53
799
54
799
55
799
56
799
57
799
58
799
59
799
60
799
61
799
62
799
63
799
64
799
65
799
66
799
67
799
68
799
69
799
70
799
71
799
72
799
73
799
74
799
75
799
76
799
77
799
78
799
79
799
80
799
81
799
82
799
83
799
84
799
85
799
86
799
87
799
88
799
89
799
90
799
91
799
92
799
93
799
94
799
95
799
96
799
97
799
98
799
99
799
100
799
101
799
102
799
103
799
104
799
105
799
106
799
107
799
108
799
109
799
110
799
111
799
112
799
113
799
114
799
115
799
116
799
117
799
118
799
119
799
120
799
121
799
122
799
123
799
124
799
125
799
126
799
127
799
128
799
129
799
130
799
131
799
132
799
133
799
134
799
135
799
136
799
137
799
138
799
139
799
140
799
141
799
142
799
143
799
144
799
145
799
146
799
147
799
148
799
149
799
150
799
151
799
152
799
153
799
154
799
155
799
156
799
157
799
158
799
159
799
160
799
161
799
162
799
163
799
164
799
165
799
166
799
167
799
168
799
169
799
170
799
171
799
172
799
173
799
174
799
175
799
176
799
177
799
178
799
179
799
180
799
181
799
182
799
183
799
184
799
185
799
186
799
187
799
188
799
189
799
190
799
191
799
192
799
193
799
194
799
195
799
196
799
197
799
198
799
199
799
200
799
201
799
202
799
203
799
204
799
205
799
206
799
207
799
208
799
209
799
210
799
211
799
212
799
213
799
214
799
215
799
216
799
217
799
218
799
219
799
220
799
221
799
222
799
223
799
224
799
225
799
226
799
227
799
228
799
229
799
230
799
231
799
232
799
233
799
234
799
235
799
236
799
237
799
238
799
239
799
240
799
241
799
242
799
243
799
244
799
245
799
246
799
247
799
248
799
249
799
250
799
251
799
252
799
253
799
254
799
255
799
256
799
257
799
258
799
259
799
260
799
261
799
262
799
263
799
264
799
265
799
266
799
267
799
268
799
269
799
270
799
271
799
272
799
273
799
274
799
275
799
276
799
277
799
278
799
279
799
280
799
281
799
282
799
283
799
284
799
285
799
286
799
287
799
288
799
289
799
290
799
291
799
292
799
293
799
294
799
295
799
296
799
297
799
298
799
299
799
300
799
300
800
301
799
302
799
303
799
304
799
305
798
306
798
307
798
308
798
309
798
310
797
311
797
312
797
313
797
314
797
315
796
316
796
317
796
318
796
319
796
320
795
321
795
322
795
323
795
324
795
325
794
326
794
327
794
328
794
329
794
330
793
331
793
332
793
333
793
334
793
335
792
336
792
337
792
338
792
339
792
340
791
341
791
342
791
343
791
344
791
345
790
346
790
347
790
348
790
349
790
350
789
351
789
352
789
353
789
354
789
355
788
356
788
357
788
358
788
359
788
360
787
361
787
362
787
363
787
364
787
365
786
366
786
367
786
368
786
369
786
370
785
371
785
372
785
373
785
374
785
375
784
376
784
377
784
378
784
379
784
380
783
381
783
382
783
383
783
384
783
385
782
386
782
387
782
388
782
389
782
390
781
391
781
392
781
393
781
394
781
395
780
396
780
397
780
398
780
399
780
400
779
401
779
402
779
403
779
404
779
405
778
406
778
407
778
408
778
409
778
410
777
411
777
412
777
413
777
414
777
415
776
416
776
417
776
418
776
419
776
420
775
421
775
422
775
423
775
424
775
425
774
426
774
427
774
428
774
429
774
430
773
431
773
432
773
433
773
434
773
435
772
436
772
437
772
438
772
439
772
440
771
441
771
442
771
443
771
444
771
445
770
446
770
447
770
448
770
449
770
450
769
451
769
452
769
453
769
454
769
455
768
456
768
457
768
458
768
459
768
460
767
461
767
462
767
463
767
464
767
465
766
466
766
467
766
468
766
469
766
470
765
471
765
472
765
473
765
474
765
475
764
476
764
477
764
478
764
479
764
480
763
481
763
482
763
483
763
484
763
485
762
486
762
487
762
488
762
489
762
490
761
491
761
492
761
493
761
494
761
495
760
496
760
497
760
498
760
499
760
500
759
501
759
502
759
503
759
504
759
505
758
506
758
507
758
508
758
509
758
510
757
511
757
512
757
513
757
514
757
515
756
516
756
517
756
518
756
519
756
520
755
521
755
522
755
523
755
524
755
525
754
526
754
527
754
528
754
529
754
530
753
531
753
532
753
533
753
534
753
535
752
536
752
537
752
538
752
539
752
540
751
541
751
542
751
543
751
544
751
545
750
546
750
547
750
548
750
549
750
550
749
551
749
552
749
553
749
554
749
555
748
556
748
557
748
558
748
559
748
560
747
561
747
562
747
563
747
564
747
565
746
566
746
567
746
568
746
569
746
570
745
571
745
572
745
573
745
574
745
575
744
576
744
577
744
578
744
579
744
580
743
581
743
582
743
583
743
584
743
585
742
586
742
587
742
588
742
589
742
590
741
591
741
592
741
593
741
594
741
595
740
596
740
597
740
598
740
599
740
600
739
601
739
602
739
603
739
604
739
605
738
606
738
607
738
608
738
609
738
610
737
611
737
612
737
613
737
614
737
615
736
616
736
617
736
618
736
619
736
620
735
621
735
622
735
623
735
624
735
625
734
626
734
627
734
628
734
629
734
630
733
631
733
632
733
633
733
634
733
635
732
636
732
637
732
638
732
639
732
640
731
641
731
642
731
643
731
644
731
645
730
646
730
647
730
648
730
649
730
650
729
651
729
652
729
653
729
654
729
655
728
656
728
657
728
658
728
659
728
660
727
661
727
662
727
663
727
664
727
665
726
666
726
667
726
668
726
669
726
670
725
671
725
672
725
673
725
674
725
675
724
676
724
677
724
678
724
679
724
680
723
681
723
682
723
683
723
684
723
685
722
686
722
687
722
688
722
689
722
690
721
691
721
692
721
693
721
694
721
695
720
696
720
697
720
698
720
699
720
700
719
701
719
702
719
703
719
704
719
705
718
706
718
707
718
708
718
709
718
710
717
711
717
712
717
713
717
714
717
715
716
716
716
717
716
718
716
719
716
720
715
721
715
722
715
723
715
724
715
725
714
726
714
727
714
728
714
729
714
730
713
731
713
732
713
733
713
734
713
735
712
736
712
737
712
738
712
739
712
740
711
741
711
742
711
743
711
744
711
745
710
746
710
747
710
748
710
749
710
750
709
751
709
752
709
753
709
754
709
755
708
756
708
757
708
758
708
759
708
760
707
761
707
762
707
763
707
764
707
765
706
766
706
767
706
768
706
769
706
770
705
771
705
772
705
773
705
774
705
775
704
776
704
777
704
778
704
779
704
780
703
781
703
782
703
783
703
784
703
785
702
786
702
787
702
788
702
789
702
790
701
791
701
792
701
793
701
794
701
795
700
796
700
797
700
798
700
799
700
800
699
801
699
802
699
803
699
804
699
805
698
806
698
807
698
808
698
809
698
810
697
811
697
812
697
813
697
814
697
815
696
816
696
817
696
818
696
819
696
820
695
821
695
822
695
823
695
824
695
825
694
826
694
827
694
828
694
829
694
830
693
831
693
832
693
833
693
834
693
835
692
836
692
837
692
838
692
839
692
840
691
841
691
842
691
843
691
844
691
845
690
846
690
847
690
848
690
849
690
850
689
851
689
852
689
853
689
854
689
855
688
856
688
857
688
858
688
859
688
860
687
861
687
862
687
863
687
864
687
865
686
866
686
867
686
868
686
869
686
870
685
871
685
872
685
873
685
874
685
875
684
876
684
877
684
878
684
879
684
880
683
881
683
882
683
883
683
884
683
885
682
886
682
887
682
888
682
889
682
890
681
891
681
892
681
893
681
894
681
895
680
896
680
897
680
898
680
899
680
900
679
901
679
902
679
903
679
904
679
905
678
906
678
907
678
908
678
909
678
910
677
911
677
912
677
913
677
914
677
915
676
916
676
917
676
918
676
919
676
920
675
921
675
922
675
923
675
924
675
925
674
926
674
927
674
928
674
929
674
930
673
931
673
932
673
933
673
934
673
935
672
936
672
937
672
938
672
939
672
940
671
941
671
942
671
943
671
944
671
945
670
946
670
947
670
948
670
949
670
950
669
951
669
952
669
953
669
954
669
955
668
956
668
957
668
958
668
959
668
960
667
961
667
962
667
963
667
964
667
965
666
966
666
967
666
968
666
969
666
970
665
971
665
972
665
973
665
974
665
975
664
976
664
977
664
978
664
979
664
980
663
981
663
982
663
983
663
984
663
985
662
986
662
987
662
988
662
989
662
990
661
991
661
992
661
993
661
994
661
995
660
996
660
997
660
998
660
999
660
0
799
1
799
2
799
3
799
4
799
5
799
6
799
7
799
8
799
9
799
10
799
11
799
12
799
13
799
14
799
15
799
16
799
17
799
18
799
19
799
20
799
21
799
22
799
23
799
24
799
25
799
26
799
27
799
28
799
29
799
30
799
31
799
32
799
33
799
34
799
35
799
36
799
37
799
38
799
39
799
40
799
41
799
42
799
43
799
44
799
45
799
46
799
47
799
48
799
49
799
50
799
51
799
52
799
53
799
54
799
55
799
56
799
57
799
58
799
59
799
60
799
61
799
62
799
63
799
64
799
65
799
66
799
67
799
68
799
69
799
70
799
71
799
72
799
73
799
74
799
75
799
76
799
77
799
78
799
79
799
80
799
81
799
82
799
83
799
84
799
85
799
86
799
87
799
88
799
89
799
90
799
91
799
92
799
93
799
94
799
95
799
96
799
97
799
98
799
99
799
100
799
101
799
102
799
103
799
104
799
105
799
106
799
107
799
108
799
109
799
110
799
111
799
112
799
113
799
114
799
115
799
116
799
117
799
118
799
119
799
120
799
121
799
122
799
123
799
124
799
125
799
126
799
127
799
128
799
129
799
130
799
131
799
132
799
133
799
134
799
135
799
136
799
137
799
138
799
139
799
140
799
141
799
142
799
143
799
144
799
145
799
146
799
147
799
148
799
149
799
150
799
151
799
152
799
153
799
154
799
155
799
156
799
157
799
158
799
159
799
160
799
161
799
162
799
163
799
164
799
165
799
166
799
167
799
168
799
169
799
170
799
171
799
172
799
173
799
174
799
175
799
176
799
177
799
178
799
179
799
180
799
181
799
182
799
183
799
184
799
185
799
186
799
187
799
188
799
189
799
190
799
191
799
192
799
193
799
194
799
195
799
196
799
197
799
198
799
199
799
200
799
201
799
202
799
203
799
204
799
205
799
206
799
207
799
208
799
209
799
210
799
211
799
212
799
213
799
214
799
215
799
216
799
217
799
218
799
219
799
220
799
221
799
222
799
223
799
224
799
225
799
226
799
227
799
228
799
229
799
230
799
231
799
232
799
233
799
234
799
235
799
236
799
237
799
238
799
239
799
240
799
241
799
242
799
243
799
244
799
245
799
246
799
247
799
248
799
249
799
250
799
251
799
252
799
253
799
254
799
255
799
256
799
257
799
258
799
259
799
260
799
261
799
262
799
263
799
264
799
265
799
266
799
267
799
268
799
269
799
270
799
271
799
272
799
273
799
274
799
275
799
276
799
277
799
278
799
279
799
280
799
281
799
282
799
283
799
284
799
285
799
286
799
287
799
288
799
289
799
290
799
291
799
292
799
293
799
294
799
295
799
296
799
297
799
298
799
299
799
300
799
300
800
301
799
302
799
303
799
304
799
305
798
306
798
307
798
308
798
309
798
310
797
311
797
312
797
313
797
314
797
315
796
316
796
317
796
318
796
319
796
320
795
321
795
322
795
323
795
324
795
325
794
326
794
327
794
328
794
329
794
330
793
331
793
332
793
333
793
334
793
335
792
336
792
337
792
338
792
339
792
340
791
341
791
342
791
343
791
344
791
345
790
346
790
347
790
348
790
349
790
350
789
351
789
352
789
353
789
354
789
355
788
356
788
357
788
358
788
359
788
360
787
361
787
362
787
363
787
364
787
365
786
366
786
367
786
368
786
369
786
370
785
371
785
372
785
373
785
374
785
375
784
376
784
377
784
378
784
379
784
380
783
381
783
382
783
383
783
384
783
385
782
386
782
387
782
388
782
389
782
390
781
391
781
392
781
393
781
394
781
395
780
396
780
397
780
398
780
399
780
400
779
401
779
402
779
403
779
404
779
405
778
406
778
407
778
408
778
409
778
410
777
411
777
412
777
413
777
414
777
415
776
416
776
417
776
418
776
419
776
420
775
421
775
422
775
423
775
424
775
425
774
426
774
427
774
428
774
429
774
430
773
431
773
432
773
433
773
434
773
435
772
436
772
437
772
438
772
439
772
440
771
441
771
442
771
443
771
444
771
445
770
446
770
447
770
448
770
449
770
450
769
451
769
452
769
453
769
454
769
455
768
456
768
457
768
458
768
459
768
460
767
461
767
462
767
463
767
464
767
465
766
466
766
467
766
468
766
469
766
470
765
471
765
472
765
473
765
474
765
475
764
476
764
477
764
478
764
479
764
480
763
481
763
482
763
483
763
484
763
485
762
486
762
487
762
488
762
489
762
490
761
491
761
492
761
493
761
494
761
495
760
496
760
497
760
498
760
499
760
500
759
501
759
502
759
503
759
504
759
505
758
506
758
507
758
508
758
509
758
510
757
511
757
512
757
513
757
514
757
515
756
516
756
517
756
518
756
519
756
520
755
521
755
522
755
523
755
524
755
525
754
526
754
527
754
528
754
529
754
530
753
531
753
532
753
533
753
534
753
535
752
536
752
537
752
538
752
539
752
540
751
541
751
542
751
543
751
544
751
545
750
546
750
547
750
548
750
549
750
550
749
551
749
552
749
553
749
554
749
555
748
556
748
557
748
558
748
559
748
560
747
561
747
562
747
563
747
564
747
565
746
566
746
567
746
568
746
569
746
570
745
571
745
572
745
573
745
574
745
575
744
576
744
577
744
578
744
579
744
580
743
581
743
582
743
583
743
584
743
585
742
586
742
587
742
588
742
589
742
590
741
591
741
592
741
593
741
594
741
595
740
596
740
597
740
598
740
599
740
600
739
601
739
602
739
603
739
604
739
605
738
606
738
607
738
608
738
609
738
610
737
611
737
612
737
613
737
614
737
615
736
616
736
617
736
618
736
619
736
620
735
621
735
622
735
623
735
624
735
625
734
626
734
627
734
628
734
629
734
630
733
631
733
632
733
633
733
634
733
635
732
636
732
637
732
638
732
639
732
640
731
641
731
642
731
643
731
644
731
645
730
646
730
647
730
648
730
649
730
650
729
651
729
652
729
653
729
654
729
655
728
656
728
657
728
658
728
659
728
660
727
661
727
662
727
663
727
664
727
665
726
666
726
667
726
668
726
669
726
670
725
671
725
672
725
673
725
674
725
675
724
676
724
677
724
678
724
679
724
680
723
681
723
682
723
683
723
684
723
685
722
686
722
687
722
688
722
689
722
690
721
691
721
692
721
693
721
694
721
695
720
696
720
697
720
698
720
699
720
700
719
701
719
702
719
703
719
704
719
705
718
706
718
707
718
708
718
709
718
710
717
711
717
712
717
713
717
714
717
715
716
716
716
717
716
718
716
719
716
720
715
721
715
722
715
723
715
724
715
725
714
726
714
727
714
728
714
729
714
730
713
731
713
732
713
733
713
734
713
735
712
736
712
737
712
738
712
739
712
740
711
741
711
742
711
743
711
744
711
745
710
746
710
747
710
748
710
749
710
750
709
751
709
752
709
753
709
754
709
755
708
756
708
757
708
758
708
759
708
760
707
761
707
762
707
763
707
764
707
765
706
766
706
767
706
768
706
769
706
770
705
771
705
772
705
773
705
774
705
775
704
776
704
777
704
778
704
779
704
780
703
781
703
782
703
783
703
784
703
785
702
786
702
787
702
788
702
789
702
790
701
791
701
792
701
793
701
794
701
795
700
796
700
797
700
798
700
799
700
800
699
801
699
802
699
803
699
804
699
805
698
806
698
807
698
808
698
809
698
810
697
811
697
812
697
813
697
814
697
815
696
816
696
817
696
818
696
819
696
820
695
821
695
822
695
823
695
824
695
825
694
826
694
827
694
828
694
829
694
830
693
831
693
832
693
833
693
834
693
835
692
836
692
837
692
838
692
839
692
840
691
841
691
842
691
843
691
844
691
845
690
846
690
847
690
848
690
849
690
850
689
851
689
852
689
853
689
854
689
855
688
856
688
857
688
858
688
859
688
860
687
861
687
862
687
863
687
864
687
865
686
866
686
867
686
868
686
869
686
870
685
871
685
872
685
873
685
874
685
875
684
876
684
877
684
878
684
879
684
880
683
881
683
882
683
883
683
884
683
885
682
886
682
887
682
888
682
889
682
890
681
891
681
892
681
893
681
894
681
895
680
896
680
897
680
898
680
899
680
900
679
901
679
902
679
903
679
904
679
905
678
906
678
907
678
908
678
909
678
910
677
911
677
912
677
913
677
914
677
915
676
916
676
917
676
918
676
919
676
920
675
921
675
922
675
923
675
924
675
925
674
926
674
927
674
928
674
929
674
930
673
931
673
932
673
933
673
934
673
935
672
936
672
937
672
938
672
939
672
940
671
941
671
942
671
943
671
944
671
945
670
946
670
947
670
948
670
949
670
950
669
951
669
952
669
953
669
954
669
955
668
956
668
957
668
958
668
959
668
960
667
961
667
962
667
963
667
964
667
965
666
966
666
967
666
968
666
969
666
970
665
971
665
972
665
973
665
974
665
975
664
976
664
977
664
978
664
979
664
980
663
981
663
982
663
983
663
984
663
985
662
986
662
987
662
988
662
989
662
990
661
991
661
992
661
993
661
994
661
995
660
996
660
997
660
998
660
999
660
0
799
1
799
2
799
3
799
4
799
5
799
6
799
7
799
8
799
9
799
10
799
11
799
12
799
13
799
14
799
15
799
16
799
17
799
18
799
19
799
20
799
21
799
22
799
23
799
24
799
25
799
26
799
27
799
28
799
29
799
30
799
31
799
32
799
33
799
34
799
35
799
36
799
37
799
38
799
39
799
40
799
41
799
42
799
43
799
44
799
45
799
46
799
47
799
48
799
49
799
50
799
51
799
52
799
53
799
54
799
55
799
56
799
57
799
58
799
59
799
60
799
61
799
62
799
63
799
64
799
65
799
66
799
67
799
68
799
69
799
70
799
71
799
72
799
73
799
74
799
75
799
76
799
77
799
78
799
79
799
80
799
81
799
82
799
83
799
84
799
85
799
86
799
87
799
88
799
89
799
90
799
91
799
92
799
93
799
94
799
95
799
96
799
97
799
98
799
99
799
100
799
101
799
102
799
103
799
104
799
105
799
106
799
107
799
108
799
109
799
110
799
111
799
112
799
113
799
114
799
115
799
116
799
117
799
118
799
119
799
120
799
121
799
122
799
123
799
124
799
125
799
126
799
127
799
128
799
129
799
130
799
131
799
132
799
133
799
134
799
135
799
136
799
137
799
138
799
139
799
140
799
141
799
142
799
143
799
144
799
145
799
146
799
147
799
148
799
149
799
150
799
151
799
152
799
153
799
154
799
155
799
156
799
157
799
158
799
159
799
160
799
161
799
162
799
163
799
164
799
165
799
166
799
167
799
168
799
169
799
170
799
171
799
172
799
173
799
174
799
175
799
176
799
177
799
178
799
179
799
180
799
181
799
182
799
183
799
184
799
185
799
186
799
187
799
188
799
189
799
190
799
191
799
192
799
193
799
194
799
195
799
196
799
197
799
198
799
199
799
200
799
201
799
202
799
203
799
204
799
205
799
206
799
207
799
208
799
209
799
210
799
211
799
212
799
213
799
214
799
215
799
216
799
217
799
218
799
219
799
220
799
221
799
222
799
223
799
224
799
225
799
226
799
227
799
228
799
229
799
230
799
231
799
232
799
233
799
234
799
235
799
236
799
237
799
238
799
239
799
240
799
241
799
242
799
243
799
244
799
245
799
246
799
247
799
248
799
249
799
250
799
251
799
252
799
253
799
254
799
255
799
256
799
257
799
258
799
259
799
260
799
261
799
262
799
263
799
264
799
265
799
266
799
267
799
268
799
269
799
270
799
271
799
272
799
273
799
274
799
275
799
276
799
277
799
278
799
279
799
280
799
281
799
282
799
283
799
284
799
285
799
286
799
287
799
288
799
289
799
290
799
291
799
292
799
293
799
294
799
295
799
296
799
297
799
298
799
299
799
300
799
300
800
301
799
302
799
303
799
304
799
305
798
306
798
307
798
308
798
309
798
310
797
311
797
312
797
313
797
314
797
315
796
316
796
317
796
318
796
319
796
320
795
321
795
322
795
323
795
324
795
325
794
326
794
327
794
328
794
329
794
330
793
331
793
332
793
333
793
334
793
335
792
336
792
337
792
338
792
339
792
340
791
341
791
342
791
343
791
344
791
345
790
346
790
347
790
348
790
349
790
350
789
351
789
352
789
353
789
354
789
355
788
356
788
357
788
358
788
359
788
360
787
361
787
362
787
363
787
364
787
365
786
366
786
367
786
368
786
369
786
370
785
371
785
372
785
373
785
374
785
375
784
376
784
377
784
378
784
379
784
380
783
381
783
382
783
383
783
384
783
385
782
386
782
387
782
388
782
389
782
390
781
391
781
392
781
393
781
394
781
395
780
396
780
397
780
398
780
399
780
400
779
401
779
402
779
403
779
404
779
405
778
406
778
407
778
408
778
409
778
410
777
411
777
412
777
413
777
414
777
415
776
416
776
417
776
418
776
419
776
420
775
421
775
422
775
423
775
424
775
425
774
426
774
427
774
428
774
429
774
430
773
431
773
432
773
433
773
434
773
435
772
436
772
437
772
438
772
439
772
440
771
441
771
442
771
443
771
444
771
445
770
446
770
447
770
448
770
449
770
450
769
451
769
452
769
453
769
454
769
455
768
456
768
457
768
458
768
459
768
460
767
461
767
462
767
463
767
464
767
465
766
466
766
467
766
468
766
469
766
470
765
471
765
472
765
473
765
474
765
475
764
476
764
477
764
478
764
479
764
480
763
481
763
482
763
483
763
484
763
485
762
486
762
487
762
488
762
489
762
490
761
491
761
492
761
493
761
494
761
495
760
496
760
497
760
498
760
499
760
500
759
501
759
502
759
503
759
504
759
505
758
506
758
507
758
508
758
509
758
510
757
511
757
512
757
513
757
514
757
515
756
516
756
517
756
518
756
519
756
520
755
521
755
522
755
523
755
524
755
525
754
526
754
527
754
528
754
529
754
530
753
531
753
532
753
533
753
534
753
535
752
536
752
537
752
538
752
539
752
540
751
541
751
542
751
543
751
544
751
545
750
546
750
547
750
548
750
549
750
550
749
551
749
552
749
553
749
554
749
555
748
556
748
557
748
558
748
559
748
560
747
561
747
562
747
563
747
564
747
565
746
566
746
567
746
568
746
569
746
570
745
571
745
572
745
573
745
574
745
575
744
576
744
577
744
578
744
579
744
580
743
581
743
582
743
583
743
584
743
585
742
586
742
587
742
588
742
589
742
590
741
591
741
592
741
593
741
594
741
595
740
596
740
597
740
598
740
599
740
600
739
601
739
602
739
603
739
604
739
605
738
606
738
607
738
608
738
609
738
610
737
611
737
612
737
613
737
614
737
615
736
616
736
617
736
618
736
619
736
620
735
621
735
622
735
623
735
624
735
625
734
626
734
627
734
628
734
629
734
630
733
631
733
632
733
633
733
634
733
635
732
636
732
637
732
638
732
639
732
640
731
641
731
642
731
643
731
644
731
645
730
646
730
647
730
648
730
649
730
650
729
651
729
652
729
653
729
654
729
655
728
656
728
657
728
658
728
659
728
660
727
661
727
662
727
663
727
664
727
665
726
666
726
667
726
668
726
669
726
670
725
671
725
672
725
673
725
674
725
675
724
676
724
677
724
678
724
679
724
680
723
681
723
682
723
683
723
684
723
685
722
686
722
687
722
688
722
689
722
690
721
691
721
692
721
693
721
694
721
695
720
696
720
697
720
698
720
699
720
700
719
701
719
702
719
703
719
704
719
705
718
706
718
707
718
708
718
709
718
710
717
711
717
712
717
713
717
714
717
715
716
716
716
717
716
718
716
719
716
720
715
721
715
722
715
723
715
724
715
725
714
726
714
727
714
728
714
729
714
730
713
731
713
732
713
733
713
734
713
735
712
736
712
737
712
738
712
739
712
740
711
741
711
742
711
743
711
744
711
745
710
746
710
747
710
748
710
749
710
750
709
751
709
752
709
753
709
754
709
755
708
756
708
757
708
758
708
759
708
760
707
761
707
762
707
763
707
764
707
765
706
766
706
767
706
768
706
769
706
770
705
771
705
772
705
773
705
774
705
775
704
776
704
777
704
778
704
779
704
780
703
781
703
782
703
783
703
784
703
785
702
786
702
787
702
788
702
789
702
790
701
791
701
792
701
793
701
794
701
795
700
796
700
797
700
798
700
799
700
800
699
801
699
802
699
803
699
804
699
805
698
806
698
807
698
808
698
809
698
810
697
811
697
812
697
813
697
814
697
815
696
816
696
817
696
818
696
819
696
820
695
821
695
822
695
823
695
824
695
825
694
826
694
827
694
828
694
829
694
830
693
831
693
832
693
833
693
834
693
835
692
836
692
837
692
838
692
839
692
840
691
841
691
842
691
843
691
844
691
845
690
846
690
847
690
848
690
849
690
850
689
851
689
852
689
853
689
854
689
855
688
856
688
857
688
858
688
859
688
860
687
861
687
862
687
863
687
864
687
865
686
866
686
867
686
868
686
869
686
870
685
871
685
872
685
873
685
874
685
875
684
876
684
877
684
878
684
879
684
880
683
881
683
882
683
883
683
884
683
885
682
886
682
887
682
888
682
889
682
890
681
891
681
892
681
893
681
894
681
895
680
896
680
897
680
898
680
899
680
900
679
901
679
902
679
903
679
904
679
905
678
906
678
907
678
908
678
909
678
910
677
911
677
912
677
913
677
914
677
915
676
916
676
917
676
918
676
919
676
920
675
921
675
922
675
923
675
924
675
925
674
926
674
927
674
928
674
929
674
930
673
931
673
932
673
933
673
934
673
935
672
936
672
937
672
938
672
939
672
940
671
941
671
942
671
943
671
944
671
945
670
946
670
947
670
948
670
949
670
950
669
951
669
952
669
953
669
954
669
955
668
956
668
957
668
958
668
959
668
960
667
961
667
962
667
963
667
964
667
965
666
966
666
967
666
968
666
969
666
970
665
971
665
972
665
973
665
974
665
975
664
976
664
977
664
978
664
979
664
980
663
981
663
982
663
983
663
984
663
985
662
986
662
987
662
988
662
989
662
990
661
991
661
992
661
993
661
994
661
995
660
996
660
997
660
998
660
999
660
0
799
1
799
2
799
3
799
4
799
5
799
6
799
7
799
8
799
9
799
10
799
11
799
12
799
13
799
14
799
15
799
16
799
17
799
18
799
19
799
20
799
21
799
22
799
23
799
24
799
25
799
26
799
27
799
28
799
29
799
30
799
31
799
32
799
33
799
34
799
35
799
36
799
37
799
38
799
39
799
40
799
41
799
42
799
43
799
44
799
45
799
46
799
47
799
48
799
49
799
50
799
51
799
52
799
53
799
54
799
55
799
56
799
57
799
58
799
59
799
60
799
61
799
62
799
63
799
64
799
65
799
66
799
67
799
68
799
69
799
70
799
71
799
72
799
73
799
74
799
75
799
76
799
77
799
78
799
79
799
80
799
81
799
82
799
83
799
84
799
85
799
86
799
87
799
88
799
89
799
90
799
91
799
92
799
93
799
94
799
95
799
96
799
97
799
98
799
99
799
100
799
101
799
102
799
103
799
104
799
105
799
106
799
107
799
108
799
109
799
110
799
111
799
112
799
113
799
114
799
115
799
116
799
117
799
118
799
119
799
120
799
121
799
122
799
123
799
124
799
125
799
126
799
127
799
128
799
129
799
130
799
131
799
132
799
133
799
134
799
135
799
136
799
137
799
138
799
139
799
140
799
141
799
142
799
143
799
144
799
145
799
146
799
147
799
148
799
149
799
150
799
151
799
152
799
153
799
154
799
155
799
156
799
157
799
158
799
159
799
160
799
161
799
162
799
163
799
164
799
165
799
166
799
167
799
168
799
169
799
170
799
171
799
172
799
173
799
174
799
175
799
176
799
177
799
178
799
179
799
180
799
181
799
182
799
183
799
184
799
185
799
186
799
187
799
188
799
189
799
190
799
191
799
192
799
193
799
194
799
195
799
196
799
197
799
198
799
199
799
200
799
201
799
202
799
203
799
204
799
205
799
206
799
207
799
208
799
209
799
210
799
211
799
212
799
213
799
214
799
215
799
216
799
217
799
218
799
219
799
220
799
221
799
222
799
223
799
224
799
225
799
226
799
227
799
228
799
229
799
230
799
231
799
232
799
233
799
234
799
235
799
236
799
237
799
238
799
239
799
240
799
241
799
242
799
243
799
244
799
245
799
246
799
247
799
248
799
249
799
250
799
251
799
252
799
253
799
254
799
255
799
256
799
257
799
258
799
259
799
260
799
261
799
262
799
263
799
264
799
265
799
266
799
267
799
268
799
269
799
270
799
271
799
272
799
273
799
274
799
275
799
276
799
277
799
278
799
279
799
280
799
281
799
282
799
283
799
284
799
285
799
286
799
287
799
288
799
289
799
290
799
291
799
292
799
293
799
294
799
295
799
296
799
297
799
298
799
299
799
300
799
300
800
301
799
302
799
303
799
304
799
305
798
306
798
307
798
308
798
309
798
310
797
311
797
312
797
313
797
314
797
315
796
316
796
317
796
318
796
319
796
320
795
321
795
322
795
323
795
324
795
325
794
326
794
327
794
328
794
329
794
330
793
331
793
332
793
333
793
334
793
335
792
336
792
337
792
338
792
339
792
340
791
341
791
342
791
343
791
344
791
345
790
346
790
347
790
348
790
349
790
350
789
351
789
352
789
353
789
354
789
355
788
356
788
357
788
358
788
359
788
360
787
361
787
362
787
363
787
364
787
365
786
366
786
367
786
368
786
369
786
370
785
371
785
372
785
373
785
374
785
375
784
376
784
377
784
378
784
379
784
380
783
381
783
382
783
383
783
384
783
385
782
386
782
387
782
388
782
389
782
390
781
391
781
392
781
393
781
394
781
395
780
396
780
397
780
398
780
399
780
400
779
401
779
402
779
403
779
404
779
405
778
406
778
407
778
408
778
409
778
410
777
411
777
412
777
413
777
414
777
415
776
416
776
417
776
418
776
419
776
420
775
421
775
422
775
423
775
424
775
425
774
426
774
427
774
428
774
429
774
430
773
431
773
432
773
433
773
434
773
435
772
436
772
437
772
438
772
439
772
440
771
441
771
442
771
443
771
444
771
445
770
446
770
447
770
448
770
449
770
450
769
451
769
452
769
453
769
454
769
455
768
456
768
457
768
458
768
459
768
460
767
461
767
462
767
463
767
464
767
465
766
466
766
467
766
468
766
469
766
470
765
471
765
472
765
473
765
474
765
475
764
476
764
477
764
478
764
479
764
480
763
481
763
482
763
483
763
484
763
485
762
486
762
487
762
488
762
489
762
490
761
491
761
492
761
493
761
494
761
495
760
496
760
497
760
498
760
499
760
500
759
501
759
502
759
503
759
504
759
505
758
506
758
507
758
508
758
509
758
510
757
511
757
512
757
513
757
514
757
515
756
516
756
517
756
518
756
519
756
520
755
521
755
522
755
523
755
524
755
525
754
526
754
527
754
528
754
529
754
530
753
531
753
532
753
533
753
534
753
535
752
536
752
537
752
538
752
539
752
540
751
541
751
542
751
543
751
544
751
545
750
546
750
547
750
548
750
549
750
550
749
551
749
552
749
553
749
554
749
555
748
556
748
557
748
558
748
559
748
560
747
561
747
562
747
563
747
564
747
565
746
566
746
567
746
568
746
569
746
570
745
571
745
572
745
573
745
574
745
575
744
576
744
577
744
578
744
579
744
580
743
581
743
582
743
583
743
584
743
585
742
586
742
587
742
588
742
589
742
590
741
591
741
592
741
593
741
594
741
595
740
596
740
597
740
598
740
599
740
600
739
601
739
602
739
603
739
604
739
605
738
606
738
607
738
608
738
609
738
610
737
611
737
612
737
613
737
614
737
615
736
616
736
617
736
618
736
619
736
620
735
621
735
622
735
623
735
624
735
625
734
626
734
627
734
628
734
629
734
630
733
631
733
632
733
633
733
634
733
635
732
636
732
637
732
638
732
639
732
640
731
641
731
642
731
643
731
644
731
645
730
646
730
647
730
648
730
649
730
650
729
651
729
652
729
653
729
654
729
655
728
656
728
657
728
658
728
659
728
660
727
661
727
662
727
663
727
664
727
665
726
666
726
667
726
668
726
669
726
670
725
671
725
672
725
673
725
674
725
675
724
676
724
677
724
678
724
679
724
680
723
681
723
682
723
683
723
684
723
685
722
686
722
687
722
688
722
689
722
690
721
691
721
692
721
693
721
694
721
695
720
696
720
697
720
698
720
699
720
700
719
701
719
702
719
703
719
704
719
705
718
706
718
707
718
708
718
709
718
710
717
711
717
712
717
713
717
714
717
715
716
716
716
717
716
718
716
719
716
720
715
721
715
722
715
723
715
724
715
725
714
726
714
727
714
728
714
729
714
730
713
731
713
732
713
733
713
734
713
735
712
736
712
737
712
738
712
739
712
740
711
741
711
742
711
743
711
744
711
745
710
746
710
747
710
748
710
749
710
750
709
751
709
752
709
753
709
754
709
755
708
756
708
757
708
758
708
759
708
760
707
761
707
762
707
763
707
764
707
765
706
766
706
767
706
768
706
769
706
770
705
771
705
772
705
773
705
774
705
775
704
776
704
777
704
778
704
779
704
780
703
781
703
782
703
783
703
784
703
785
702
786
702
787
702
788
702
789
702
790
701
791
701
792
701
793
701
794
701
795
700
796
700
797
700
798
700
799
700
800
699
801
699
802
699
803
699
804
699
805
698
806
698
807
698
808
698
809
698
810
697
811
697
812
697
813
697
814
697
815
696
816
696
817
696
818
696
819
696
820
695
821
695
822
695
823
695
824
695
825
694
826
694
827
694
828
694
829
694
830
693
831
693
832
693
833
693
834
693
835
692
836
692
837
692
838
692
839
692
840
691
841
691
842
691
843
691
844
691
845
690
846
690
847
690
848
690
849
690
850
689
851
689
852
689
853
689
854
689
855
688
856
688
857
688
858
688
859
688
860
687
861
687
862
687
863
687
864
687
865
686
866
686
867
686
868
686
869
686
870
685
871
685
872
685
873
685
874
685
875
684
876
684
877
684
878
684
879
684
880
683
881
683
882
683
883
683
884
683
885
682
886
682
887
682
888
682
889
682
890
681
891
681
892
681
893
681
894
681
895
680
896
680
897
680
898
680
899
680
900
679
901
679
902
679
903
679
904
679
905
678
906
678
907
678
908
678
909
678
910
677
911
677
912
677
913
677
914
677
915
676
916
676
917
676
918
676
919
676
920
675
921
675
922
675
923
675
924
675
925
674
926
674
927
674
928
674
929
674
930
673
931
673
932
673
933
673
934
673
935
672
936
672
937
672
938
672
939
672
940
671
941
671
942
671
943
671
944
671
945
670
946
670
947
670
948
670
949
670
950
669
951
669
952
669
953
669
954
669
955
668
956
668
957
668
958
668
959
668
960
667
961
667
962
667
963
667
964
667
965
666
966
666
967
666
968
666
969
666
970
665
971
665
972
665
973
665
974
665
975
664
976
664
977
664
978
664
979
664
980
663
981
663
982
663
983
663
984
663
985
662
986
662
987
662
988
662
989
662
990
661
991
661
992
661
993
661
994
661
995
660
996
660
997
660
998
660
999
660
0
799
1
799
2
799
3
799
4
799
5
799
6
799
7
799
8
799
9
799
10
799
11
799
12
799
13
799
14
799
15
799
16
799
17
799
18
799
19
799
20
799
21
799
22
799
23
799
24
799
25
799
26
799
27
799
28
799
29
799
30
799
31
799
32
799
33
799
34
799
35
799
36
799
37
799
38
799
39
799
40
799
41
799
42
799
43
799
44
799
45
799
46
799
47
799
48
799
49
799
50
799
51
799
52
799
53
799
54
799
55
799
56
799
57
799
58
799
59
799
60
799
61
799
62
799
63
799
64
799
65
799
66
799
67
799
68
799
69
799
70
799
71
799
72
799
73
799
74
799
75
799
76
799
77
799
78
799
79
799
80
799
81
799
82
799
83
799
84
799
85
799
86
799
87
799
88
799
89
799
90
799
91
799
92
799
93
799
94
799
95
799
96
799
97
799
98
799
99
799
100
799
101
799
102
799
103
799
104
799
105
799
106
799
107
799
108
799
109
799
110
799
111
799
112
799
113
799
114
799
115
799
116
799
117
799
118
799
119
799
120
799
121
799
122
799
123
799
124
799
125
799
126
799
127
799
128
799
129
799
130
799
131
799
132
799
133
799
134
799
135
799
136
799
137
799
138
799
139
799
140
799
141
799
142
799
143
799
144
799
145
799
146
799
147
799
148
799
149
799
150
799
151
799
152
799
153
799
154
799
155
799
156
799
157
799
158
799
159
799
160
799
161
799
162
799
163
799
164
799
165
799
166
799
167
799
168
799
169
799
170
799
171
799
172
799
173
799
174
799
175
799
176
799
177
799
178
799
179
799
180
799
181
799
182
799
183
799
184
799
185
799
186
799
187
799
188
799
189
799
190
799
191
799
192
799
193
799
194
799
195
799
196
799
197
799
198
799
199
799
200
799
201
799
202
799
203
799
204
799
205
799
206
799
207
799
208
799
209
799
210
799
211
799
212
799
213
799
214
799
215
799
216
799
217
799
218
799
219
799
220
799
221
799
222
799
223
799
224
799
225
799
226
799
227
799
228
799
229
799
230
799
231
799
232
799
233
799
234
799
235
799
236
799
237
799
238
799
239
799
240
799
241
799
242
799
243
799
244
799
245
799
246
799
247
799
248
799
249
799
250
799
251
799
252
799
253
799
254
799
255
799
256
799
257
799
258
799
259
799
260
799
261
799
262
799
263
799
264
799
265
799
266
799
267
799
268
799
269
799
270
799
271
799
272
799
273
799
274
799
275
799
276
799
277
799
278
799
279
799
280
799
281
799
282
799
283
799
284
799
285
799
286
799
287
799
288
799
289
799
290
799
291
799
292
799
293
799
294
799
295
799
296
799
297
799
298
799
299
799
300
799
300
800
301
799
302
799
303
799
304
799
305
798
306
798
307
798
308
798
309
798
310
797
311
797
312
797
313
797
314
797
315
796
316
796
317
796
318
796
319
796
320
795
321
795
322
795
323
795
324
795
325
794
326
794
327
794
328
794
329
794
330
793
331
793
332
793
333
793
334
793
335
792
336
792
337
792
338
792
339
792
340
791
341
791
342
791
343
791
344
791
345
790
346
790
347
790
348
790
349
790
350
789
351
789
352
789
353
789
354
789
355
788
356
788
357
788
358
788
359
788
360
787
361
787
362
787
363
787
364
787
365
786
366
786
367
786
368
786
369
786
370
785
371
785
372
785
373
785
374
785
375
784
376
784
377
784
378
784
379
784
380
783
381
783
382
783
383
783
384
783
385
782
386
782
387
782
388
782
389
782
390
781
391
781
392
781
393
781
394
781
395
780
396
780
397
780
398
780
399
780
400
779
401
779
402
779
403
779
404
779
405
778
406
778
407
778
408
778
409
778
410
777
411
777
412
777
413
777
414
777
415
776
416
776
417
776
418
776
419
776
420
775
421
775
422
775
423
775
424
775
425
774
426
774
427
774
428
774
429
774
430
773
431
773
432
773
433
773
434
773
435
772
436
772
437
772
438
772
439
772
440
771
441
771
442
771
443
771
444
771
445
770
446
770
447
770
448
770
449
770
450
769
451
769
452
769
453
769
454
769
455
768
456
768
457
768
458
768
459
768
460
767
461
767
462
767
463
767
464
767
465
766
466
766
467
766
468
766
469
766
470
765
471
765
472
765
473
765
474
765
475
764
476
764
477
764
478
764
479
764
480
763
481
763
482
763
483
763
484
763
485
762
486
762
487
762
488
762
489
762
490
761
491
761
492
761
493
761
494
761
495
760
496
760
497
760
498
760
499
760
500
759
501
759
502
759
503
759
504
759
505
758
506
758
507
758
508
758
509
758
510
757
511
757
512
757
513
757
514
757
515
756
516
756
517
756
518
756
519
756
520
755
521
755
522
755
523
755
524
755
525
754
526
754
527
754
528
754
529
754
530
753
531
753
532
753
533
753
534
753
535
752
536
752
537
752
538
752
539
752
540
751
541
751
542
751
543
751
544
751
545
750
546
750
547
750
548
750
549
750
550
749
551
749
552
749
553
749
554
749
555
748
556
748
557
748
558
748
559
748
560
747
561
747
562
747
563
747
564
747
565
746
566
746
567
746
568
746
569
746
570
745
571
745
572
745
573
745
574
745
575
744
576
744
577
744
578
744
579
744
580
743
581
743
582
743
583
743
584
743
585
742
586
742
587
742
588
742
589
742
590
741
591
741
592
741
593
741
594
741
595
740
596
740
597
740
598
740
599
740
600
739
601
739
602
739
603
739
604
739
605
738
606
738
607
738
608
738
609
738
610
737
611
737
612
737
613
737
614
737
615
736
616
736
617
736
618
736
619
736
620
735
621
735
622
735
623
735
624
735
625
734
626
734
627
734
628
734
629
734
630
733
631
733
632
733
633
733
634
733
635
732
636
732
637
732
638
732
639
732
640
731
641
731
642
731
643
731
644
731
645
730
646
730
647
730
648
730
649
730
650
729
651
729
652
729
653
729
654
729
655
728
656
728
657
728
658
728
659
728
660
727
661
727
662
727
663
727
664
727
665
726
666
726
667
726
668
726
669
726
670
725
671
725
672
725
673
725
674
725
675
724
676
724
677
724
678
724
679
724
680
723
681
723
682
723
683
723
684
723
685
722
686
722
687
722
688
722
689
722
690
721
691
721
692
721
693
721
694
721
695
720
696
720
697
720
698
720
699
720
700
719
701
719
702
719
703
719
704
719
705
718
706
718
707
718
708
718
709
718
710
717
711
717
712
717
713
717
714
717
715
716
716
716
717
716
718
716
719
716
720
715
721
715
722
715
723
715
724
715
725
714
726
714
727
714
728
714
729
714
730
713
731
713
732
713
733
713
734
713
735
712
736
712
737
712
738
712
739
712
740
711
741
711
742
711
743
711
744
711
745
710
746
710
747
710
748
710
749
710
750
709
751
709
752
709
753
709
754
709
755
708
756
708
757
708
758
708
759
708
760
707
761
707
762
707
763
707
764
707
765
706
766
706
767
706
768
706
769
706
770
705
771
705
772
705
773
705
774
705
775
704
776
704
777
704
778
704
779
704
780
703
781
703
782
703
783
703
784
703
785
702
786
702
787
702
788
702
789
702
790
701
791
701
792
701
793
701
794
701
795
700
796
700
797
700
798
700
799
700
800
699
801
699
802
699
803
699
804
699
805
698
806
698
807
698
808
698
809
698
810
697
811
697
812
697
813
697
814
697
815
696
816
696
817
696
818
696
819
696
820
695
821
695
822
695
823
695
824
695
825
694
826
694
827
694
828
694
829
694
830
693
831
693
832
693
833
693
834
693
835
692
836
692
837
692
838
692
839
692
840
691
841
691
842
691
843
691
844
691
845
690
846
690
847
690
848
690
849
690
850
689
851
689
852
689
853
689
854
689
855
688
856
688
857
688
858
688
859
688
860
687
861
687
862
687
863
687
864
687
865
686
866
686
867
686
868
686
869
686
870
685
871
685
872
685
873
685
874
685
875
684
876
684
877
684
878
684
879
684
880
683
881
683
882
683
883
683
884
683
885
682
886
682
887
682
888
682
889
682
890
681
891
681
892
681
893
681
894
681
895
680
896
680
897
680
898
680
899
680
900
679
901
679
902
679
903
679
904
679
905
678
906
678
907
678
908
678
909
678
910
677
911
677
912
677
913
677
914
677
915
676
916
676
917
676
918
676
919
676
920
675
921
675
922
675
923
675
924
675
925
674
926
674
927
674
928
674
929
674
930
673
931
673
932
673
933
673
934
673
935
672
936
672
937
672
938
672
939
672
940
671
941
671
942
671
943
671
944
671
945
670
946
670
947
670
948
670
949
670
950
669
951
669
952
669
953
669
954
669
955
668
956
668
957
668
958
668
959
668
960
667
961
667
962
667
963
667
964
667
965
666
966
666
967
666
968
666
969
666
970
665
971
665
972
665
973
665
974
665
975
664
976
664
977
664
978
664
979
664
980
663
981
663
982
663
983
663
984
663
985
662
986
662
987
662
988
662
989
662
990
661
991
661
992
661
993
661
994
661
995
660
996
660
997
660
998
660
999
660
0
799
1
799
2
799
3
799
4
799
5
799
6
799
7
799
8
799
9
799
10
799
11
799
12
799
13
799
14
799
15
799
16
799
17
799
18
799
19
799
20
799
21
799
22
799
23
799
24
799
25
799
26
799
27
799
28
799
29
799
30
799
31
799
32
799
33
799
34
799
35
799
36
799
37
799
38
799
39
799
40
799
41
799
42
799
43
799
44
799
45
799
46
799
47
799
48
799
49
799
50
799
51
799
52
799
53
799
54
799
55
799
56
799
57
799
58
799
59
799
60
799
61
799
62
799
63
799
64
799
65
799
66
799
67
799
68
799
69
799
70
799
71
799
72
799
73
799
74
799
75
799
76
799
77
799
78
799
79
799
80
799
81
799
82
799
83
799
84
799
85
799
86
799
87
799
88
799
89
799
90
799
91
799
92
799
93
799
94
799
95
799
96
799
97
799
98
799
99
799
100
799
101
799
102
799
103
799
104
799
105
799
106
799
107
799
108
799
109
799
110
799
111
799
112
799
113
799
114
799
115
799
116
799
117
799
118
799
119
799
120
799
121
799
122
799
123
799
124
799
125
799
126
799
127
799
128
799
129
799
130
799
131
799
132
799
133
799
134
799
135
799
136
799
137
799
138
799
139
799
140
799
141
799
142
799
143
799
144
799
145
799
146
799
147
799
148
799
149
799
150
799
151
799
152
799
153
799
154
799
155
799
156
799
157
799
158
799
159
799
160
799
161
799
162
799
163
799
164
799
165
799
166
799
167
799
168
799
169
799
170
799
171
799
172
799
173
799
174
799
175
799
176
799
177
799
178
799
179
799
180
799
181
799
182
799
183
799
184
799
185
799
186
799
187
799
188
799
189
799
190
799
191
799
192
799
193
799
194
799
195
799
196
799
197
799
198
799
199
799
200
799
201
799
202
799
203
799
204
799
205
799
206
799
207
799
208
799
209
799
210
799
211
799
212
799
213
799
214
799
215
799
216
799
217
799
218
799
219
799
220
799
221
799
222
799
223
799
224
799
225
799
226
799
227
799
228
799
229
799
230
799
231
799
232
799
233
799
234
799
235
799
236
799
237
799
238
799
239
799
240
799
241
799
242
799
243
799
244
799
245
799
246
799
247
799
248
799
249
799
250
799
251
799
252
799
253
799
254
799
255
799
256
799
257
799
258
799
259
799
260
799
261
799
262
799
263
799
264
799
265
799
266
799
267
799
268
799
269
799
270
799
271
799
272
799
273
799
274
799
275
799
276
799
277
799
278
799
279
799
280
799
281
799
282
799
283
799
284
799
285
799
286
799
287
799
288
799
289
799
290
799
291
799
292
799
293
799
294
799
295
799
296
799
297
799
298
799
299
799
300
799
300
800
301
799
302
799
303
799
304
799
305
798
306
798
307
798
308
798
309
798
310
797
311
797
312
797
313
797
314
797
315
796
316
796
317
796
318
796
319
796
320
795
321
795
322
795
323
795
324
795
325
794
326
794
327
794
328
794
329
794
330
793
331
793
332
793
333
793
334
793
335
792
336
792
337
792
338
792
339
792
340
791
341
791
342
791
343
791
344
791
345
790
346
790
347
790
348
790
349
790
350
789
351
789
352
789
353
789
354
789
355
788
356
788
357
788
358
788
359
788
360
787
361
787
362
787
363
787
364
787
365
786
366
786
367
786
368
786
369
786
370
785
371
785
372
785
373
785
374
785
375
784
376
784
377
784
378
784
379
784
380
783
381
783
382
783
383
783
384
783
385
782
386
782
387
782
388
782
389
782
390
781
391
781
392
781
393
781
394
781
395
780
396
780
397
780
398
780
399
780
400
779
401
779
402
779
403
779
404
779
405
778
406
778
407
778
408
778
409
778
410
777
411
777
412
777
413
777
414
777
415
776
416
776
417
776
418
776
419
776
420
775
421
775
422
775
423
775
424
775
425
774
426
774
427
774
428
774
429
774
430
773
431
773
432
773
433
773
434
773
435
772
436
772
437
772
438
772
439
772
440
771
441
771
442
771
443
771
444
771
445
770
446
770
447
770
448
770
449
770
450
769
451
769
452
769
453
769
454
769
455
768
456
768
457
768
458
768
459
768
460
767
461
767
462
767
463
767
464
767
465
766
466
766
467
766
468
766
469
766
470
765
471
765
472
765
473
765
474
765
475
764
476
764
477
764
478
764
479
764
480
763
481
763
482
763
483
763
484
763
485
762
486
762
487
762
488
762
489
762
490
761
491
761
492
761
493
761
494
761
495
760
496
760
497
760
498
760
499
760
500
759
501
759
502
759
503
759
504
759
505
758
506
758
507
758
508
758
509
758
510
757
511
757
512
757
513
757
514
757
515
756
516
756
517
756
518
756
519
756
520
755
521
755
522
755
523
755
524
755
525
754
526
754
527
754
528
754
529
754
530
753
531
753
532
753
533
753
534
753
535
752
536
752
537
752
538
752
539
752
540
751
541
751
542
751
543
751
544
751
545
750
546
750
547
750
548
750
549
750
550
749
551
749
552
749
553
749
554
749
555
748
556
748
557
748
558
748
559
748
560
747
561
747
562
747
563
747
564
747
565
746
566
746
567
746
568
746
569
746
570
745
571
745
572
745
573
745
574
745
575
744
576
744
577
744
578
744
579
744
580
743
581
743
582
743
583
743
584
743
585
742
586
742
587
742
588
742
589
742
590
741
591
741
592
741
593
741
594
741
595
740
596
740
597
740
598
740
599
740
600
739
601
739
602
739
603
739
604
739
605
738
606
738
607
738
608
738
609
738
610
737
611
737
612
737
613
737
614
737
615
736
616
736
617
736
618
736
619
736
620
735
621
735
622
735
623
735
624
735
625
734
626
734
627
734
628
734
629
734
630
733
631
733
632
733
633
733
634
733
635
732
636
732
637
732
638
732
639
732
640
731
641
731
642
731
643
731
644
731
645
730
646
730
647
730
648
730
649
730
650
729
651
729
652
729
653
729
654
729
655
728
656
728
657
728
658
728
659
728
660
727
661
727
662
727
663
727
664
727
665
726
666
726
667
726
668
726
669
726
670
725
671
725
672
725
673
725
674
725
675
724
676
724
677
724
678
724
679
724
680
723
681
723
682
723
683
723
684
723
685
722
686
722
687
722
688
722
689
722
690
721
691
721
692
721
693
721
694
721
695
720
696
720
697
720
698
720
699
720
700
719
701
719
702
719
703
719
704
719
705
718
706
718
707
718
708
718
709
718
710
717
711
717
712
717
713
717
714
717
715
716
716
716
717
716
718
716
719
716
720
715
721
715
722
715
723
715
724
715
725
714
726
714
727
714
728
714
729
714
730
713
731
713
732
713
733
713
734
713
735
712
736
712
737
712
738
712
739
712
740
711
741
711
742
711
743
711
744
711
745
710
746
710
747
710
748
710
749
710
750
709
751
709
752
709
753
709
754
709
755
708
756
708
757
708
758
708
759
708
760
707
761
707
762
707
763
707
764
707
765
706
766
706
767
706
768
706
769
706
770
705
771
705
772
705
773
705
774
705
775
704
776
704
777
704
778
704
779
704
780
703
781
703
782
703
783
703
784
703
785
702
786
702
787
702
788
702
789
702
790
701
791
701
792
701
793
701
794
701
795
700
796
700
797
700
798
700
799
700
800
699
801
699
802
699
803
699
804
699
805
698
806
698
807
698
808
698
809
698
810
697
811
697
812
697
813
697
814
697
815
696
816
696
817
696
818
696
819
696
820
695
821
695
822
695
823
695
824
695
825
694
826
694
827
694
828
694
829
694
830
693
831
693
832
693
833
693
834
693
835
692
836
692
837
692
838
692
839
692
840
691
841
691
842
691
843
691
844
691
845
690
846
690
847
690
848
690
849
690
850
689
851
689
852
689
853
689
854
689
855
688
856
688
857
688
858
688
859
688
860
687
861
687
862
687
863
687
864
687
865
686
866
686
867
686
868
686
869
686
870
685
871
685
872
685
873
685
874
685
875
684
876
684
877
684
878
684
879
684
880
683
881
683
882
683
883
683
884
683
885
682
886
682
887
682
888
682
889
682
890
681
891
681
892
681
893
681
894
681
895
680
896
680
897
680
898
680
899
680
900
679
901
679
902
679
903
679
904
679
905
678
906
678
907
678
908
678
909
678
910
677
911
677
912
677
913
677
914
677
915
676
916
676
917
676
918
676
919
676
920
675
921
675
922
675
923
675
924
675
925
674
926
674
927
674
928
674
929
674
930
673
931
673
932
673
933
673
934
673
935
672
936
672
937
672
938
672
939
672
940
671
941
671
942
671
943
671
944
671
945
670
946
670
947
670
948
670
949
670
950
669
951
669
952
669
953
669
954
669
955
668
956
668
957
668
958
668
959
668
960
667
961
667
962
667
963
667
964
667
965
666
966
666
967
666
968
666
969
666
970
665
971
665
972
665
973
665
974
665
975
664
976
664
977
664
978
664
979
664
980
663
981
663
982
663
983
663
984
663
985
662
986
662
987
662
988
662
989
662
990
661
991
661
992
661
993
661
994
661
995
660
996
660
997
660
998
660
999
660
