-100
-100
-100
-100
52
0
52
52
52
104
52
208
52
156
52
260
52
312
52
416
52
520
104
416
156
416
156
468
156
312
156
260
156
208
208
208
260
260
260
208
156
104
156
52
104
52
260
0
260
52
260
104
364
104
364
156
364
208
364
52
416
52
468
52
468
104
468
208
468
260
468
312
416
312
364
312
312
312
312
312
260
312
260
416
312
416
312
468
312
520
260
520
156
572
208
572
260
572
52
572
52
624
52
676
156
676
208
676
260
676
312
676
364
624
364
624
416
624
416
572
416
520
468
520
520
520
520
572
520
624
416
416
468
416
520
416
572
416
572
364
572
312
572
260
624
260
676
260
676
312
572
156
624
156
728
156
572
104
572
52
676
0
676
0
676
52
728
52
780
52
884
0
884
52
884
104
884
156
676
156
832
156
832
208
832
260
780
260
884
364
832
364
780
364
728
416
676
416
676
468
676
520
624
520
624
572
624
624
728
676
728
572
-100
-100
832
624
832
572
832
520
832
468
780
468
-100
-100
-100
-100
-100
-100
-100
-100
-100
-100
260
468
260
364
208
364
208
312
208
260
-100
-100
-100
-100
-100
-100
-100
-100
-100
-100
-100
-100
520
0
572
0
624
0
624
52
624
104
676
104
728
104
780
104
832
104
832
52
832
0
780
0
728
0
780
156
780
208
884
208
884
260
884
312
832
312
780
312
416
364
364
364
364
364
468
364
520
364
0
364
104
364
104
364
104
312
52
364
-100
-100
-100
-100
